0 1 8
0 2 8
0 3 18
0 4 8
0 4 11
0 9 5
0 21 65
1 3 2
1 4 19
1 7 13
1 13 11
1 18 14
1 77 72
1 84 59
2 3 17
2 7 20
2 9 13
2 11 8
2 14 7
3 6 20
3 7 8
3 7 18
3 18 14
4 5 4
4 9 14
4 15 6
4 15 8
4 17 3
4 18 20
4 39 65
5 7 3
5 9 11
5 10 7
5 11 6
5 18 3
6 8 8
6 12 9
6 13 12
6 14 16
7 9 9
7 13 13
7 15 3
7 17 16
7 38 56
8 10 3
8 11 18
8 12 2
8 12 11
8 15 18
8 16 13
9 10 4
9 46 64
9 85 56
9 95 80
10 12 12
10 14 13
10 15 12
10 26 57
10 56 50
10 65 81
11 74 95
12 13 8
12 15 18
12 19 17
12 62 81
13 16 12
13 19 9
13 27 81
14 15 5
14 19 18
14 47 98
16 17 2
16 18 19
17 53 92
18 19 9
18 89 93
20 21 11
20 24 1
20 24 4
20 29 10
20 30 8
20 31 8
20 49 95
21 25 3
21 26 9
21 32 17
21 34 1
21 35 17
21 36 13
21 88 53
22 24 20
22 26 10
22 26 18
22 30 19
22 32 3
22 37 17
22 39 2
23 25 18
23 27 6
23 32 17
23 35 12
23 36 11
23 37 7
23 39 1
23 78 63
24 31 4
24 36 12
24 38 9
25 27 20
25 28 19
25 30 8
25 38 8
25 76 91
26 28 13
26 33 19
26 36 5
26 37 15
26 39 5
26 86 97
27 31 2
27 34 7
27 36 9
27 37 18
27 38 17
27 52 69
28 33 18
28 34 10
28 38 12
28 50 67
29 35 4
29 37 8
29 39 8
30 31 18
30 32 8
31 39 3
32 96 78
33 35 14
33 36 5
33 38 15
34 36 2
34 36 14
34 39 16
34 39 18
35 39 14
35 95 78
40 43 14
40 46 16
40 48 16
40 51 3
40 54 5
40 58 9
40 59 5
40 97 83
41 42 1
41 44 2
41 47 6
41 48 19
41 53 13
41 57 9
41 65 66
42 46 20
42 48 19
42 49 14
42 53 10
42 55 18
42 57 2
43 45 7
43 47 2
43 47 19
43 51 7
43 55 9
43 56 10
43 98 100
44 50 11
44 52 8
44 55 20
44 58 2
44 58 15
44 59 11
45 46 3
45 53 10
45 56 6
45 57 2
45 59 17
45 71 88
46 49 9
46 56 9
46 57 3
47 48 19
47 53 8
47 82 57
48 49 8
48 52 3
48 54 17
48 57 14
48 69 66
48 73 55
49 50 3
49 51 11
49 53 18
49 54 9
50 53 15
50 56 17
50 58 6
51 53 15
51 55 18
52 57 12
53 59 3
54 57 4
55 59 10
55 84 56
56 59 16
56 78 88
57 59 4
57 93 71
57 95 79
60 62 18
60 64 14
60 67 11
60 69 6
60 72 5
60 72 7
60 78 19
61 62 2
61 65 12
61 70 12
61 72 17
61 74 10
62 67 12
62 68 18
62 72 4
62 73 11
62 79 20
63 65 6
63 65 16
63 68 14
63 69 19
63 70 11
63 71 7
63 74 6
63 74 10
64 66 8
64 71 9
64 75 13
65 66 2
65 73 8
65 76 18
65 79 17
66 67 9
66 67 10
66 72 8
66 75 8
66 77 20
67 73 3
68 69 9
68 69 13
68 72 18
68 77 11
68 90 65
69 74 14
69 75 14
69 76 1
69 77 19
69 79 11
70 74 14
71 73 9
71 73 11
71 77 19
72 74 18
72 75 7
72 76 10
73 74 20
73 77 11
74 77 11
74 78 7
77 78 16
78 79 17
79 92 71
79 99 100
80 81 16
80 83 8
80 88 7
80 90 5
80 93 1
80 96 13
80 97 19
80 98 5
81 82 20
81 88 3
81 92 13
81 99 11
82 87 13
82 90 8
82 91 11
82 94 16
82 95 13
82 98 15
83 85 14
83 85 15
83 88 4
84 85 18
84 86 2
84 90 13
84 95 8
84 97 13
84 97 18
85 87 9
85 95 17
86 91 14
86 95 18
86 97 15
87 88 3
87 89 11
87 95 9
87 96 8
88 89 18
88 96 15
88 97 9
88 99 7
89 90 11
89 94 18
90 96 15
90 98 5
91 94 18
92 93 12
92 94 14
92 94 18
92 95 7
92 96 6
92 99 15
93 94 20
93 98 6
93 99 16
95 96 14
95 99 16
97 98 19